231,5
229,6
229,5
227,4
227,1
227,3
228,5
226,4
226,1
226,3
225,1
225,3
231,4
229,4
228,4
228,1
228,3
229,1
229,3
231,1
231,3
224,1
224,3
0,273
0,270
217,1
217,3
234,35
3,2
3,1
3,3
10,161
10,64
10,144
10,248
10,97
10,80
10,145
10,1
10,178
10,2
10,3
11,24
11,17
11,10
11,20
11,16
11,5
11,6
11,1
11,25
11,2
11,3
9,7
9,6
9,1
9,4
9,2
9,3
8,15
8,12
8,14
8,17
8,13
8,1
8,4
8,2
8,3
12,2
12,1
12,3
20,2
20,1
20,3
19,2
19,1
19,3
18,1
18,3
230,3
2,2
2,1
230,6
230,5
2,3
230,1
13,1
230,4
13,3
14,1
0,0
14,3
0,9
234,34
234,33
234,32
234,31
234,30
234,29
234,28
234,27
234,26
234,25
234,24
234,23
234,22
